1212121212
3137426204
3137451023
3137468093
3137481886
3137523530
3137561821
3137587823
3137601864
3137614902
3137711558
3137748714
3137829527
3137844551
3138007022
3138162300
3138181832
3138314313
1212121212
3137426204
3137451023
3137468093
3137481886
3137523530
3137561821
3137587823
3137601864
3137614902
3137711558
3137748714
3137829527
3137844551
3138007022
3138162300
3138181832
3138314313
1212121212
3137426204
3137451023
3137468093
3137481886
3137523530
3137561821
3137587823
3137601864
3137614902
3137711558
3137748714
3137829527
3137844551
3138007022
3138162300
3138181832
3138314313
1212121212
3137426204
3137451023
3137468093
3137481886
3137523530
3137561821
3137587823
3137601864
3137614902
3137711558
3137748714
3137829527
3137844551
3138007022
3138162300
3138181832
3138314313
1212121212
3137426204
3137451023
3137468093
3137481886
3137523530
3137561821
3137587823
3137601864
3137614902
3137711558
3137748714
3137829527
3137844551
3138007022
3138162300
3138181832
3138314313